0.0
13.0
0.0
0.0
0.0
-31.0
-105.0
537.0
3435.0
4744.0
4878.0
4603.0
4299.0
4129.0
3779.0
3610.0
3380.0
3254.0
3132.0
2950.0
2921.0
2826.0
2721.0
2576.0
2549.0
2507.0
2333.0
2322.0
2184.0
2266.0
2085.0
2035.0
1947.0
1941.0
1887.0
1879.0
1818.0
1762.0
1762.0
1718.0
1798.0
1637.0
1646.0
1614.0
1596.0
1583.0
1438.0
1506.0
1512.0
1381.0
1460.0
1446.0
1413.0
1373.0
1370.0
1338.0
1284.0
1290.0
1333.0
1342.0
1294.0
1236.0
1232.0
1205.0
1196.0
1231.0
1177.0
1167.0
1168.0
1121.0
1125.0
1121.0
1091.0
1133.0
1141.0
1020.0
1138.0
1115.0
1026.0
1050.0
1057.0
977.0
1072.0
1013.0
1049.0
1059.0
970.0
988.0
969.0
984.0
957.0
1073.0
945.0
917.0
961.0
973.0
914.0
935.0
950.0
899.0
922.0
959.0
919.0
942.0
893.0
920.0
901.0
970.0
917.0
907.0
899.0
947.0
911.0
831.0
890.0
887.0
890.0
908.0
935.0
889.0
816.0
929.0
807.0
905.0
833.0
914.0
908.0
924.0
929.0
942.0
871.0
924.0
894.0
960.0
903.0
929.0
974.0
979.0
965.0
1030.0
1042.0
1040.0
1106.0
1168.0
1303.0
1297.0
1391.0
1400.0
1585.0
2090.0
2924.0
3214.0
2806.0
1802.0
928.0
576.0
532.0
527.0
519.0
500.0
532.0
556.0
567.0
672.0
733.0
754.0
720.0
668.0
700.0
992.0
1577.0
1929.0
1650.0
1139.0
786.0
748.0
694.0
522.0
376.0
284.0
302.0
296.0
337.0
289.0
294.0
287.0
295.0
270.0
282.0
273.0
294.0
270.0
284.0
270.0
264.0
289.0
264.0
270.0
243.0
266.0
271.0
253.0
226.0
268.0
261.0
232.0
248.0
253.0
245.0
249.0
243.0
277.0
268.0
241.0
238.0
223.0
225.0
230.0
231.0
248.0
210.0
243.0
242.0
229.0
226.0
246.0
230.0
226.0
237.0
217.0
223.0
230.0
271.0
214.0
236.0
237.0
231.0
217.0
250.0
221.0
217.0
213.0
195.0
214.0
211.0
250.0
214.0
221.0
271.0
215.0
226.0
196.0
234.0
230.0
239.0
207.0
217.0
210.0
224.0
215.0
227.0
235.0
256.0
205.0
212.0
226.0
205.0
257.0
252.0
279.0
258.0
211.0
253.0
222.0
235.0
203.0
214.0
244.0
222.0
224.0
221.0
225.0
212.0
235.0
232.0
221.0
233.0
243.0
232.0
233.0
210.0
234.0
240.0
248.0
243.0
228.0
229.0
242.0
200.0
233.0
248.0
254.0
235.0
244.0
252.0
247.0
233.0
249.0
234.0
232.0
233.0
265.0
276.0
229.0
252.0
247.0
247.0
255.0
237.0
261.0
257.0
261.0
285.0
261.0
266.0
245.0
266.0
281.0
274.0
248.0
269.0
279.0
266.0
246.0
274.0
262.0
259.0
268.0
262.0
271.0
296.0
277.0
269.0
286.0
311.0
285.0
284.0
276.0
283.0
291.0
280.0
290.0
274.0
290.0
314.0
393.0
517.0
626.0
587.0
469.0
360.0
273.0
299.0
317.0
330.0
418.0
596.0
806.0
911.0
780.0
565.0
362.0
290.0
306.0
281.0
278.0
289.0
327.0
340.0
334.0
325.0
308.0
284.0
310.0
419.0
594.0
810.0
790.0
612.0
386.0
315.0
287.0
295.0
311.0
277.0
286.0
279.0
270.0
336.0
321.0
329.0
309.0
338.0
351.0
324.0
317.0
371.0
324.0
347.0
353.0
387.0
372.0
378.0
450.0
517.0
623.0
658.0
723.0
615.0
480.0
415.0
378.0
401.0
397.0
398.0
399.0
464.0
471.0
528.0
518.0
490.0
449.0
409.0
398.0
382.0
397.0
363.0
353.0
389.0
395.0
368.0
366.0
394.0
361.0
376.0
400.0
352.0
375.0
372.0
368.0
446.0
515.0
688.0
799.0
736.0
526.0
414.0
348.0
362.0
326.0
342.0
345.0
315.0
317.0
342.0
343.0
352.0
327.0
323.0
338.0
320.0
329.0
298.0
305.0
345.0
330.0
328.0
325.0
329.0
355.0
358.0
368.0
317.0
334.0
335.0
354.0
323.0
359.0
371.0
342.0
337.0
333.0
346.0
366.0
324.0
351.0
330.0
329.0
359.0
348.0
378.0
375.0
370.0
366.0
327.0
375.0
373.0
386.0
342.0
352.0
351.0
381.0
405.0
383.0
360.0
373.0
392.0
364.0
399.0
407.0
374.0
382.0
374.0
383.0
392.0
407.0
379.0
404.0
397.0
347.0
402.0
415.0
432.0
393.0
418.0
409.0
431.0
421.0
406.0
417.0
439.0
400.0
439.0
430.0
448.0
422.0
435.0
452.0
461.0
451.0
455.0
429.0
456.0
485.0
480.0
490.0
520.0
476.0
488.0
486.0
500.0
491.0
499.0
515.0
503.0
491.0
498.0
566.0
544.0
519.0
522.0
510.0
536.0
516.0
508.0
514.0
516.0
513.0
552.0
525.0
542.0
542.0
497.0
471.0
486.0
491.0
471.0
479.0
519.0
498.0
515.0
462.0
435.0
484.0
446.0
461.0
448.0
429.0
473.0
446.0
449.0
433.0
454.0
537.0
955.0
2872.0
7972.0
16265.0
21821.0
19196.0
11497.0
4346.0
1331.0
489.0
334.0
292.0
306.0
293.0
287.0
235.0
261.0
284.0
310.0
271.0
265.0
265.0
261.0
265.0
285.0
271.0
283.0
262.0
254.0
257.0
279.0
269.0
267.0
233.0
264.0
251.0
270.0
271.0
239.0
240.0
260.0
252.0
252.0
265.0
251.0
252.0
246.0
244.0
286.0
407.0
720.0
1259.0
1725.0
1688.0
1153.0
601.0
342.0
250.0
256.0
220.0
188.0
230.0
213.0
202.0
218.0
195.0
210.0
233.0
240.0
238.0
216.0
225.0
216.0
229.0
230.0
204.0
231.0
239.0
220.0
206.0
199.0
202.0
183.0
213.0
228.0
219.0
204.0
226.0
214.0
217.0
188.0
210.0
185.0
217.0
217.0
204.0
196.0
224.0
234.0
200.0
197.0
221.0
183.0
211.0
200.0
163.0
211.0
209.0
192.0
221.0
194.0
224.0
220.0
208.0
198.0
199.0
193.0
231.0
198.0
216.0
194.0
210.0
191.0
199.0
202.0
203.0
224.0
198.0
196.0
217.0
201.0
183.0
213.0
182.0
206.0
218.0
205.0
233.0
233.0
210.0
242.0
181.0
217.0
204.0
216.0
216.0
220.0
218.0
235.0
232.0
213.0
244.0
242.0
225.0
222.0
230.0
211.0
218.0
215.0
228.0
232.0
233.0
217.0
197.0
236.0
226.0
258.0
311.0
341.0
321.0
301.0
269.0
232.0
244.0
210.0
226.0
223.0
239.0
236.0
230.0
237.0
218.0
206.0
219.0
234.0
238.0
197.0
221.0
242.0
243.0
210.0
219.0
228.0
228.0
246.0
253.0
226.0
221.0
233.0
251.0
209.0
213.0
209.0
231.0
230.0
220.0
220.0
223.0
222.0
228.0
240.0
192.0
220.0
246.0
235.0
249.0
250.0
251.0
245.0
245.0
213.0
285.0
233.0
227.0
227.0
242.0
237.0
218.0
206.0
258.0
235.0
246.0
271.0
259.0
273.0
241.0
239.0
252.0
239.0
257.0
264.0
255.0
242.0
269.0
232.0
245.0
274.0
229.0
280.0
299.0
241.0
259.0
269.0
251.0
208.0
264.0
268.0
265.0
266.0
298.0
271.0
241.0
271.0
276.0
228.0
278.0
266.0
246.0
246.0
230.0
243.0
273.0
239.0
254.0
247.0
272.0
274.0
237.0
247.0
281.0
235.0
252.0
266.0
250.0
274.0
254.0
259.0
261.0
272.0
244.0
266.0
251.0
227.0
264.0
237.0
237.0
264.0
271.0
289.0
273.0
282.0
252.0
251.0
267.0
256.0
253.0
228.0
234.0
277.0
241.0
250.0
261.0
239.0
244.0
260.0
252.0
226.0
250.0
249.0
239.0
219.0
228.0
238.0
255.0
231.0
242.0
235.0
256.0
220.0
236.0
226.0
245.0
233.0
245.0
240.0
244.0
232.0
240.0
262.0
257.0
254.0
239.0
240.0
215.0
238.0
218.0
254.0
230.0
207.0
259.0
244.0
228.0
265.0
260.0
230.0
274.0
259.0
229.0
233.0
246.0
225.0
207.0
251.0
235.0
230.0
234.0
230.0
233.0
215.0
238.0
240.0
246.0
233.0
242.0
228.0
263.0
238.0
234.0
222.0
213.0
227.0
242.0
193.0
224.0
230.0
233.0
206.0
232.0
207.0
205.0
209.0
236.0
192.0
221.0
219.0
216.0
194.0
275.0
216.0
213.0
230.0
222.0
209.0
236.0
202.0
191.0
203.0
223.0
236.0
222.0
213.0
246.0
222.0
221.0
179.0
211.0
190.0
202.0
196.0
203.0
